2.62842588697094,0.311650856863707,0.513562397449277,0.721636645169929,2.7603573857613486
